47
57
19
45
58
51
51
44
36
10
43
42
34
48
48
30
51
39
46
53
43
39
44
41
41
55
32
54
47
41
25
38
43
41
50
32
49
43
51
17
54
36
36
31
41
35
33
42
39
40
49
31
53
41
54
42
38
44
42
35
29
48
43
55
45
31
43
47
51
43
30
51
32
37
35
38
41
41
51
42
30
29
41
49
33
24
40
40
45
32
38
27
24
19
33
54
28
17
35
32
29
55
55
25
32
27
34
46
17
14
45
42
30
38
31
50
25
13
48
22
32
22
24
16
23
49
38
10
28
34
46
30
15
35
41
29
57
38
16
39
38
22
34
35
25
30
31
15
28
22
42
24
45
17
35
24
15
25
37
28
16
39
20
27
23
30
24
44
18
32
27
40
23
30
10
34
25
27
44
27
34
37
13
36
9
4
48
36
48
45
22
20
43
15
