35
31
43
43
51
46
45
55
54
49
45
36
49
53
52
45
41
29
45
50
32
39
55
39
50
41
42
55
60
44
56
51
40
50
49
51
50
30
45
53
38
42
37
36
42
22
52
60
46
49
37
54
54
36
32
27
42
48
47
49
45
43
42
46
57
32
53
49
55
50
42
39
48
59
44
37
33
42
52
39
44
39
44
32
48
60
54
34
34
57
55
41
51
44
18
40
49
50
57
38
34
39
19
38
26
50
56
49
30
41
29
36
41
57
48
47
41
39
55
38
42
45
52
53
52
36
38
45
46
45
50
47
32
46
55
36
34
50
47
42
34
40
45
48
52
45
40
52
36
41
34
18
54
45
45
39
42
38
47
22
41
55
46
52
36
41
41
47
59
43
48
53
41
43
23
32
57
38
49
51
45
42
43
50
46
52
50
41
47
